185
34242342342342343242342343243243243243243242343244234234324342423423423423432423423432432432432432432423432442342343243424234234234234324234234324324324324324324234324423423432490909090

3 4 2 4 2 3 4 2 3 4 2 3 4 2 3 4 3 2 4 2 3 4 2 3 4 3 2 4 3 2 4 3 2 4 3 2 4 3 2 4 3 2 4 2 3 4 3 2 4 4 2 3 4 2 3 4 3 2 4 3 4 2 4 2 3 4 2 3 4 2 3 4 2 3 4 3 2 4 2 3 4 2 3 4 3 2 4 3 2 4 3 2 4 3 2 4 3 2 4 3 2 4 2 3 4 3 2 4 4 2 3 4 2 3 4 3 2 4 3 4 2 4 2 3 4 2 3 4 2 3 4 2 3 4 3 2 4 2 3 4 2 3 4 3 2 4 3 2 4 3 2 4 3 2 4 3 2 4 3 2 4 2 3 4 3 2 4 4 2 3 4 2 3 4 3 2 4 9 0 9 0 9 0 9 0 


let resultString = input => {

    let output = '';
	for ( let x = 0 ; x < input.length; ++x ) {
		output = output + input.substring(x,x+1) + ' ';
	}	
	return output;
} 